B 1001 0000
B 1001 0000
B 1001 0000
B 1001 0000
B 1001 0000
B 1001 0000
B 1001 0000
B 1001 0000
B 1001 0000
B 1001 0000
T 1002 0000 1001 100
T 1001 0000 1002 100
T 1002 0000 1001 100
T 1001 0000 1002 100
T 1002 0000 1001 100
T 1003 0000 1004 100
T 1004 0000 1005 100
T 1005 0000 1006 100
T 1006 0000 1005 100
T 1005 0000 1004 100
T 1004 0000 1003 100
T 1003 0000 1004 100
T 1004 0000 1005 100
T 1005 0000 1006 100
T 1006 0000 1005 100
T 1005 0000 1004 100
T 1004 0000 1003 100
T 1003 0000 1004 100
T 1004 0000 1003 100
T 1005 0000 1003 100
