B 1001 0000
B 1001 0000
B 1001 0000
B 1001 0000
B 1001 0000
B 1001 0000
B 1001 0000
B 1001 0000
B 1001 0000
B 1001 0000
T 3002 0000 1001 100
T 3002 0000 1001 100
T 3002 0000 1001 100
T 3002 0000 1001 100
T 3002 0000 1001 100
T 3002 0000 1001 100
T 3002 0000 1001 100
T 3002 0000 1001 100
T 3002 0000 1001 100
T 3002 0000 1001 100
T 3002 0000 1001 100
T 3002 0000 1001 100
T 3002 0000 1001 100
T 3002 0000 1001 100
T 3002 0000 1001 100
T 3002 0000 1001 100
T 3002 0000 1001 100
T 3002 0000 1001 100
T 3002 0000 1001 100
T 3002 0000 1001 100
