B 1001 0000
B 1001 0000
B 1001 0000
B 1001 0000
B 1001 0000
B 1001 0000
B 1001 0000
B 1001 0000
B 1001 0000
B 1001 0000
T 1001 0000 3002 100
T 1001 0000 3002 100
T 1001 0000 3002 100
T 1001 0000 3002 100
T 1001 0000 3002 100
T 1001 0000 3002 100
T 1001 0000 3002 100
T 1001 0000 3002 100
T 1001 0000 3002 100
T 1001 0000 3002 100
T 1001 0000 3002 100
T 1001 0000 3002 100
T 1001 0000 3002 100
T 1001 0000 3002 100
T 1001 0000 3002 100
T 1001 0000 3002 100
T 1001 0000 3002 100
T 1001 0000 3002 100
T 1001 0000 3002 100
T 1001 0000 3002 100
