B 1001 0000
B 1001 0000
B 1001 0000
B 1001 0000
B 1001 0000
B 1001 0000
B 1001 0000
B 1001 0000
B 1001 0000
B 1001 0000
T 3001 0000 3002 100
T 3001 0000 3002 100
T 3002 0000 3001 100
T 3002 0000 3001 100
T 3001 0000 3002 100
T 3001 0000 3002 100
T 3002 0000 3001 100
T 3002 0000 3001 100
T 3001 0000 3002 100
T 3001 0000 3002 100
T 3002 0000 3001 100
T 3002 0000 3001 100
T 3001 0000 3002 100
T 3001 0000 3002 100
T 3002 0000 3001 100
T 3002 0000 3001 100
T 3001 0000 3002 100
T 3001 0000 3002 100
T 3002 0000 3001 100
T 3002 0000 3001 100
