B 1001 0000
B 1001 0000
B 1001 0000
B 1001 0000
B 1001 0000
B 1001 0000
B 1001 0000
B 1001 0000
B 1001 0000
B 1001 0000
T 1001 1111 2001 100
T 1001 1110 2001 100
T 1001 1101 2001 100
T 1002 1111 2003 100
T 1002 1110 2003 100
T 1002 1101 2003 100
T 2002 1112 2005 100
T 2002 0000 2005 100
T 2002 1001 2005 100
T 1001 1111 2007 100
T 1001 1110 2007 100
T 1001 1101 2007 100
T 1002 1111 2009 100
T 1002 1110 2009 100
T 1002 1101 2009 100
T 2002 1112 2009 100
T 2002 0000 2003 100
T 2002 1001 2003 100
T 2002 0000 2003 100
T 2002 1001 2003 100
