B 1001 0000
B 1001 0000
B 1001 0000
B 1001 0000
B 1001 0000
B 1001 0000
B 1001 0000
B 1001 0000
B 1001 0000
B 1001 0000
T 2001 0000 1001 5000
T 2001 0000 1001 5000
T 2001 0000 1002 5000
T 2001 0000 1003 5000
T 2001 0000 1002 5000
T 2001 0000 1003 5000
T 2003 0000 1004 5000
T 2003 0000 2001 5000
T 1001 0000 2001 1000000
T 1001 0000 2002 1000000
T 1001 0000 2001 1000000
T 1001 0000 1002 1000000
T 1001 0000 1003 1000000
T 2001 0000 1004 5000
T 2005 0000 1004 5000
T 2005 0000 1005 5000
T 2003 0000 1005 5000
T 2003 0000 1005 5000
T 2003 0000 2002 5000
T 2003 0000 2002 5000
