B 1001 0000
B 1001 0000
B 1001 0000
B 1001 0000
B 1001 0000
B 1001 0000
B 1001 0000
B 1001 0000
B 1001 0000
B 1001 0000
T 2001 0000 2001 5000
T 2001 0000 2001 5000
T 2001 0000 2001 5000
T 1001 0000 1001 5000
T 1001 0000 1001 5000
T 1001 0000 1001 5000
T 1004 0000 1004 5000
T 1004 0000 1004 5000
T 1004 0000 1004 5000
T 1005 0000 1005 1000000
T 1006 0000 1006 1000000
T 2001 0000 2001 1000000
T 2002 1111 2002 1000000
T 2002 1111 2002 5000
T 1005 0000 1005 5000
T 1008 0000 1008 5000
T 1009 0000 1009 5000
T 1009 0000 1009 5000
T 1010 0000 1010 5000
T 1010 0000 1010 5000
